OFF
# file generated by poly2vrml (author V.Bulatov@ic.ac.uk)
# polyhedron: #68 :great snub dodecicosidodecahedron
60 104 180
-0.618033988749895  0.786151377757423 -0.000000000000000 
-0.257065864121677 -0.202092683253659  0.945026819131981 
 0.742934135878323  0.584058694503764  0.326992830382087 
 0.257065864121677  0.202092683253659  0.945026819131981 
 0.742934135878323  0.584058694503764 -0.326992830382087 
 0.257065864121677  0.202092683253660 -0.945026819131982 
-0.742934135878323 -0.584058694503763 -0.326992830382087 
 0.618033988749894 -0.786151377757423  0.000000000000000 
-0.202092683253659 -0.945026819131981 -0.257065864121677 
 0.945026819131981 -0.257065864121677  0.202092683253659 
 0.326992830382087 -0.742934135878322  0.584058694503764 
 0.584058694503765 -0.326992830382087 -0.742934135878322 
-0.326992830382087  0.742934135878322 -0.584058694503765 
-0.584058694503764  0.326992830382087  0.742934135878322 
 0.202092683253659  0.945026819131981 -0.257065864121678 
-0.945026819131981  0.257065864121677  0.202092683253659 
-0.742934135878322 -0.584058694503764  0.326992830382087 
-0.257065864121678 -0.202092683253660 -0.945026819131981 
 0.326992830382086 -0.742934135878323 -0.584058694503764 
-0.584058694503765  0.326992830382086 -0.742934135878322 
 0.202092683253659  0.945026819131981  0.257065864121676 
-0.945026819131982  0.257065864121677 -0.202092683253658 
 0.584058694503763 -0.326992830382087  0.742934135878323 
-0.786151377757423  0.000000000000000  0.618033988749894 
 0.326992830382088  0.742934135878322 -0.584058694503764 
-0.000000000000000  0.618033988749894  0.786151377757422 
-0.945026819131981 -0.257065864121677  0.202092683253659 
 0.000000000000001 -0.618033988749894 -0.786151377757423 
 0.945026819131982  0.257065864121677 -0.202092683253659 
 0.786151377757423 -0.000000000000000  0.618033988749895 
-0.202092683253659 -0.945026819131981  0.257065864121677 
-0.786151377757423  0.000000000000000 -0.618033988749895 
 0.945026819131982 -0.257065864121677 -0.202092683253659 
-0.326992830382087 -0.742934135878322 -0.584058694503764 
 0.000000000000000 -0.618033988749894  0.786151377757423 
-0.326992830382087  0.742934135878322  0.584058694503763 
-0.000000000000000  0.618033988749895 -0.786151377757423 
 0.945026819131982  0.257065864121677  0.202092683253659 
 0.786151377757423 -0.000000000000001 -0.618033988749894 
-0.326992830382086 -0.742934135878322  0.584058694503764 
-0.202092683253661  0.945026819131981 -0.257065864121678 
-0.584058694503765 -0.326992830382087 -0.742934135878321 
 0.584058694503764  0.326992830382086  0.742934135878322 
 0.742934135878323 -0.584058694503764 -0.326992830382087 
 0.257065864121677 -0.202092683253659  0.945026819131981 
-0.202092683253659  0.945026819131981  0.257065864121676 
-0.257065864121676  0.202092683253659 -0.945026819131982 
 0.202092683253659 -0.945026819131981 -0.257065864121677 
 0.584058694503765  0.326992830382087 -0.742934135878322 
-0.584058694503764 -0.326992830382087  0.742934135878322 
 0.326992830382086  0.742934135878322  0.584058694503764 
-0.742934135878322  0.584058694503764 -0.326992830382087 
-0.945026819131981 -0.257065864121677 -0.202092683253659 
-0.257065864121677  0.202092683253659  0.945026819131981 
 0.202092683253659 -0.945026819131981  0.257065864121677 
-0.742934135878323  0.584058694503763  0.326992830382088 
-0.618033988749894 -0.786151377757422  0.000000000000002 
 0.618033988749894  0.786151377757423  0.000000000000002 
 0.742934135878322 -0.584058694503763  0.326992830382087 
 0.257065864121679 -0.202092683253657 -0.945026819131981 
3 2 1 0 0.80 0.31 0.28
5 0 2 13 14 3 0.81 0.47 0.66
3 4 3 0 0.80 0.31 0.28
5 5 20 19 4 0 0.81 0.47 0.66
3 6 5 0 0.80 0.31 0.28
3 0 1 6 0.80 0.31 0.28
3 7 6 1 0.80 0.31 0.28
5 1 7 16 22 8 0.81 0.47 0.66
3 9 8 1 0.80 0.31 0.28
5 1 2 10 25 9 0.81 0.47 0.66
3 11 10 2 0.80 0.31 0.28
3 12 11 2 0.80 0.31 0.28
3 13 12 2 0.80 0.31 0.28
3 15 14 3 0.80 0.31 0.28
5 16 35 34 15 3 0.81 0.47 0.66
3 3 7 16 0.80 0.31 0.28
3 3 4 7 0.80 0.31 0.28
3 17 7 4 0.80 0.31 0.28
5 4 17 32 36 18 0.81 0.47 0.66
3 19 18 4 0.80 0.31 0.28
3 5 9 20 0.80 0.31 0.28
3 5 8 9 0.80 0.31 0.28
3 21 8 5 0.80 0.31 0.28
5 21 27 12 6 5 0.81 0.47 0.66
3 6 11 12 0.80 0.31 0.28
5 6 7 17 30 11 0.81 0.47 0.66
3 23 22 8 0.80 0.31 0.28
5 8 21 39 41 23 0.81 0.47 0.66
5 9 20 38 42 24 0.81 0.47 0.66
3 25 24 9 0.80 0.31 0.28
3 26 25 10 0.80 0.31 0.28
3 27 26 10 0.80 0.31 0.28
3 28 27 10 0.80 0.31 0.28
5 28 47 29 11 10 0.81 0.47 0.66
3 30 29 11 0.80 0.31 0.28
3 12 26 27 0.80 0.31 0.28
5 12 13 31 45 26 0.81 0.47 0.66
3 13 30 31 0.80 0.31 0.28
3 13 29 30 0.80 0.31 0.28
3 13 14 29 0.80 0.31 0.28
5 32 50 48 29 14 0.81 0.47 0.66
3 14 17 32 0.80 0.31 0.28
3 14 15 17 0.80 0.31 0.28
3 30 17 15 0.80 0.31 0.28
5 15 30 31 49 33 0.81 0.47 0.66
3 34 33 15 0.80 0.31 0.28
3 16 19 35 0.80 0.31 0.28
3 16 18 19 0.80 0.31 0.28
3 22 18 16 0.80 0.31 0.28
3 37 36 18 0.80 0.31 0.28
5 18 22 38 54 37 0.81 0.47 0.66
5 35 52 40 23 19 0.81 0.47 0.66
3 19 20 23 0.80 0.31 0.28
3 20 22 23 0.80 0.31 0.28
3 38 22 20 0.80 0.31 0.28
3 21 25 39 0.80 0.31 0.28
3 21 24 25 0.80 0.31 0.28
3 27 24 21 0.80 0.31 0.28
3 41 40 23 0.80 0.31 0.28
3 43 42 24 0.80 0.31 0.28
5 24 27 28 46 43 0.81 0.47 0.66
5 39 55 44 26 25 0.81 0.47 0.66
3 45 44 26 0.80 0.31 0.28
3 28 45 46 0.80 0.31 0.28
3 28 44 45 0.80 0.31 0.28
3 47 44 28 0.80 0.31 0.28
3 48 47 29 0.80 0.31 0.28
3 48 45 31 0.80 0.31 0.28
3 31 47 48 0.80 0.31 0.28
3 49 47 31 0.80 0.31 0.28
3 32 34 50 0.80 0.31 0.28
3 32 33 34 0.80 0.31 0.28
3 36 33 32 0.80 0.31 0.28
3 51 49 33 0.80 0.31 0.28
5 33 36 52 59 51 0.81 0.47 0.66
5 50 58 53 37 34 0.81 0.47 0.66
3 34 35 37 0.80 0.31 0.28
3 35 36 37 0.80 0.31 0.28
3 52 36 35 0.80 0.31 0.28
3 54 53 37 0.80 0.31 0.28
3 38 41 54 0.80 0.31 0.28
3 38 40 41 0.80 0.31 0.28
3 42 40 38 0.80 0.31 0.28
3 43 41 39 0.80 0.31 0.28
3 39 42 43 0.80 0.31 0.28
3 55 42 39 0.80 0.31 0.28
3 53 52 40 0.80 0.31 0.28
5 40 42 55 57 53 0.81 0.47 0.66
5 54 59 56 43 41 0.81 0.47 0.66
3 43 46 56 0.80 0.31 0.28
3 56 55 44 0.80 0.31 0.28
5 44 47 49 58 56 0.81 0.47 0.66
5 45 46 57 51 48 0.81 0.47 0.66
3 46 55 56 0.80 0.31 0.28
3 57 55 46 0.80 0.31 0.28
3 48 50 51 0.80 0.31 0.28
3 49 50 58 0.80 0.31 0.28
3 51 50 49 0.80 0.31 0.28
3 59 57 51 0.80 0.31 0.28
3 52 54 59 0.80 0.31 0.28
3 52 53 54 0.80 0.31 0.28
3 53 57 58 0.80 0.31 0.28
3 56 58 59 0.80 0.31 0.28
3 59 58 57 0.80 0.31 0.28
